2024 5 01 00 10
2024 5 01 00 10
2024 5 01 00 19
2024 5 01 01 27
2024 5 01 02 17
2024 5 01 02 28
2024 5 01 02 28
2024 5 01 02 28
2024 5 01 02 28
2024 5 01 02 28
2024 5 01 02 28
2024 5 01 02 51
2024 5 01 05 12
2024 5 01 05 30
2024 5 01 05 48
2024 5 01 06 23
2024 5 01 07 18
2024 5 01 09 01
2024 5 01 09 17
2024 5 01 09 18
2024 5 01 10 21
2024 5 01 12 06
2024 5 01 12 06
2024 5 01 12 33
2024 5 01 13 13
2024 5 01 14 03
2024 5 01 14 44
2024 5 01 16 28
2024 5 01 17 00
2024 5 01 17 00
2024 5 01 17 00
2024 5 01 17 00
2024 5 01 17 00
2024 5 01 17 00
2024 5 01 17 31
2024 5 01 18 06
2024 5 01 18 06
2024 5 01 18 26
2024 5 01 18 33
2024 5 01 19 28
2024 5 01 19 53
2024 5 01 19 53
2024 5 01 20 17
2024 5 01 20 17
2024 5 01 21 00
2024 5 01 21 10
2024 5 01 21 10
2024 5 01 21 10
2024 5 01 21 10
2024 5 01 21 10
2024 5 01 21 10
2024 5 01 21 11
2024 5 01 21 11
2024 5 01 21 17
2024 5 01 21 17
2024 5 01 22 14
2024 5 01 22 21
2024 5 01 22 21
2024 5 01 22 35
2024 5 01 22 35
2024 5 01 23 09
2024 5 01 23 09
2024 5 01 23 32
2024 5 01 23 32
2024 5 01 23 36
2024 5 01 23 36
2024 5 01 23 44
2024 5 01 23 44
2024 5 01 23 58